kappa_2: 	 45.7767889485 
kappa_1: 	 45.7767889485 
T_EM: 	 5700 
bias: 	 100 
alpha_2: 	 2.0 
alpha_1: 	 2.0 
T_2: 	 300.0 
T_1: 	 300.0 
num_cpus: 	 1 
w_xx: 	 24900 
wc: 	 53.08 
J: 	 <function J_flat at 0x7f254e025c80> 
w0_1: 	 667.02295221 
w0_2: 	 667.02295221 
V: 	 200 
w_1: 	 12500 
w_2: 	 12400 
dipole_2: 	 1.0 
dipole_1: 	 1.0 
exc: 	 3 
alpha_EM: 	 5 
N_1: 	 3 
N_2: 	 3 
mu: 	 1 
gamma_1: 	 2 
gamma_2: 	 2 
