kappa_2: 	 45.7767889485 
kappa_1: 	 45.7767889485 
T_EM: 	 5700 
bias: 	 0.0 
alpha_2: 	 2.0 
alpha_1: 	 2.0 
T_2: 	 300.0 
T_1: 	 300.0 
num_cpus: 	 1 
w_xx: 	 3000.0 
wc: 	 53.08 
J: 	 <function J_minimal at 0x7f53f028ee60> 
w0_1: 	 667.02295221 
w0_2: 	 667.02295221 
V: 	 100 
w_1: 	 1500.0 
w_2: 	 1500.0 
dipole_2: 	 1.0 
dipole_1: 	 1.0 
exc: 	 4 
alpha_EM: 	 0.1 
N_1: 	 4 
N_2: 	 4 
mu: 	 1.0 
gamma_1: 	 2 
gamma_2: 	 2 
