kappa_2: 	 0.0 
kappa_1: 	 0.0 
T_EM: 	 77 
bias: 	 200 
alpha_2: 	 0.0 
alpha_1: 	 0.0 
T_2: 	 300.0 
T_1: 	 300.0 
num_cpus: 	 2 
w_xx: 	 25000 
wc: 	 53.08 
J: 	 <function J_flat at 0x7f0d55e9ede8> 
w0_1: 	 667.02295221 
w0_2: 	 667.02295221 
V: 	 100 
w_1: 	 12600 
w_2: 	 12400 
dipole_2: 	 1.0 
dipole_1: 	 1.0 
exc: 	 2 
alpha_EM: 	 1.0 
N_1: 	 2 
N_2: 	 2 
mu: 	 1 
gamma_1: 	 2 
gamma_2: 	 2 
