kappa_2: 	 323.690778865 
kappa_1: 	 323.690778865 
T_EM: 	 5700 
bias: 	 50.0 
alpha_2: 	 100 
alpha_1: 	 100 
T_2: 	 300.0 
T_1: 	 300.0 
num_cpus: 	 1 
w_xx: 	 3050.0 
wc: 	 53.08 
J: 	 <function J_minimal at 0x7fc5f22401b8> 
w0_1: 	 667.02295221 
w0_2: 	 667.02295221 
V: 	 100 
w_1: 	 1550.0 
w_2: 	 1500.0 
dipole_2: 	 1.0 
dipole_1: 	 1.0 
exc: 	 3 
alpha_EM: 	 0.1 
N_1: 	 3 
N_2: 	 3 
mu: 	 0.967741935484 
gamma_1: 	 2 
gamma_2: 	 2 
