kappa_2: 	 0.0 
kappa_1: 	 0.0 
T_EM: 	 50 
bias: 	 0.0 
alpha_2: 	 0.0 
alpha_1: 	 0.0 
T_2: 	 300.0 
T_1: 	 300.0 
num_cpus: 	 1 
w_xx: 	 200.0 
wc: 	 53.08 
J: 	 <function J_flat at 0x7f7ade130578> 
w0_1: 	 667.02295221 
w0_2: 	 667.02295221 
V: 	 20 
w_1: 	 100.0 
w_2: 	 100.0 
dipole_2: 	 1.0 
dipole_1: 	 1.0 
exc: 	 2 
alpha_EM: 	 1.0 
N_1: 	 2 
N_2: 	 2 
mu: 	 1 
gamma_1: 	 2 
gamma_2: 	 2 
