kappa_2: 	 102.360011881 
kappa_1: 	 102.360011881 
T_EM: 	 600 
bias: 	 10.0 
alpha_2: 	 10.0 
alpha_1: 	 10.0 
T_2: 	 300.0 
T_1: 	 300.0 
num_cpus: 	 1 
w_xx: 	 2010.0 
wc: 	 53.08 
J: 	 <function J_minimal at 0x7f53f028ee60> 
w0_1: 	 667.02295221 
w0_2: 	 667.02295221 
V: 	 20 
w_1: 	 1010.0 
w_2: 	 1000.0 
dipole_2: 	 1.0 
dipole_1: 	 1.0 
exc: 	 3 
alpha_EM: 	 1.0 
N_1: 	 3 
N_2: 	 3 
mu: 	 0.990099009901 
gamma_1: 	 2 
gamma_2: 	 2 
