kappa_2: 	 32.3690778865 
kappa_1: 	 32.3690778865 
T_EM: 	 5700 
bias: 	 200.0 
alpha_2: 	 1.0 
alpha_1: 	 1.0 
T_2: 	 300.0 
T_1: 	 300.0 
num_cpus: 	 1 
w_xx: 	 25000.0 
wc: 	 53.08 
J: 	 <function J_minimal at 0x7fdc65253398> 
w0_1: 	 667.02295221 
w0_2: 	 667.02295221 
V: 	 100 
w_1: 	 12600.0 
w_2: 	 12400.0 
dipole_2: 	 1.0 
dipole_1: 	 1.0 
exc: 	 3 
alpha_EM: 	 0.0 
N_1: 	 3 
N_2: 	 3 
mu: 	 0.984126984127 
gamma_1: 	 2 
gamma_2: 	 2 
