{
 "cells": [
  {
   "cell_type": "code",
   "execution_count": null,
   "metadata": {
    "collapsed": true
   },
   "outputs": [],
   "source": [
    "# Incase we have to clear all variables\n",
    "%reset -f"
   ]
  },
  {
   "cell_type": "code",
   "execution_count": 1,
   "metadata": {
    "collapsed": true
   },
   "outputs": [],
   "source": [
    "from SES_setup import *\n",
    "from utils import *\n",
    "# numpy imported as well as qutip and various functions\n",
    "from style import *\n",
    "import matplotlib.pyplot as plt\n",
    "from heatmap_setup import calculate_steadystate\n",
    "from scipy.sparse import csc_matrix\n",
    "import numpy as np\n",
    "import time\n",
    "\n"
   ]
  },
  {
   "cell_type": "markdown",
   "metadata": {},
   "source": [
    "### Example Liouvillian"
   ]
  },
  {
   "cell_type": "code",
   "execution_count": null,
   "metadata": {},
   "outputs": [],
   "source": [
    "w_2 = 8000.\n",
    "alpha = 50./pi\n",
    "\n",
    "N = 12\n",
    "pap = alpha_to_pialpha_prop(alpha, w_2)\n",
    "wc = 100.\n",
    "w_0 = 200.\n",
    "Gamma = (w_0**2)/wc\n",
    "PARAMS = PARAMS_setup(bias=100., w_2=8000., V = 100., pialpha_prop=pap,\n",
    "                                 T_EM=6000., T_ph =300.,\n",
    "                                 alpha_EM=0.1, shift=True,\n",
    "                                 num_cpus=2, N=N, Gamma=Gamma, w_0=w_0,\n",
    "                                 silent=True, exc_diff=N-4)\n",
    "\n",
    "H, L = get_H_and_L(PARAMS,silent=False)\n",
    "\n",
    "\n"
   ]
  },
  {
   "cell_type": "code",
   "execution_count": null,
   "metadata": {
    "collapsed": true
   },
   "outputs": [],
   "source": [
    "\n",
    "p2 = lambda n : PARAMS_setup(bias=100., w_2=8000., V = 100., pialpha_prop=pap,\n",
    "                                 T_EM=6000., T_ph =300.,\n",
    "                                 alpha_EM=0.1, shift=True,\n",
    "                                 num_cpus=4, N=n, Gamma=Gamma, w_0=w_0,\n",
    "                                 silent=True, exc_diff=n-3)\n",
    "p = lambda n : PARAMS_setup(bias=100., w_2=8000., V = 100., pialpha_prop=pap,\n",
    "                                 T_EM=6000., T_ph =300.,\n",
    "                                 alpha_EM=0.1, shift=True,\n",
    "                                 num_cpus=3, N=n, Gamma=Gamma, w_0=w_0,\n",
    "                                 silent=True, exc_diff=n-exc_offset)\n",
    "def get_L_stats(PARAMS, lower_N=3, upper_N=9, exc_offset=0., plot_stats = True):\n",
    "    # This is to motivate a correct L chop parameter\n",
    "    \n",
    "    \n",
    "    std = []\n",
    "    me = []\n",
    "    mi = []\n",
    "    nvals = range(lower_N, upper_N+1)\n",
    "    for n in nvals:\n",
    "        PARAMS.update({'N_1' : n, 'N_2' :n, 'exc': 2*n-exc_offset})\n",
    "        silent=True\n",
    "        if n>6:\n",
    "            silent=False\n",
    "        H, L = get_H_and_L(PARAMS,silent=silent)\n",
    "        std.append(((abs((get_csc(L))**2).mean()-((abs(get_csc(L)).mean())**2)).real))\n",
    "        me.append(abs(get_csc(L)).mean().real)\n",
    "        mi.append(abs(get_csc(L)).min().real)\n",
    "    if plot_stats:\n",
    "        plt.plot(nvals, std)\n",
    "        plt.show()\n",
    "        plt.plot(nvals, me)\n",
    "        plt.show()\n",
    "        plt.plot(nvals, mi)\n",
    "        plt.show()\n",
    "    return nvals, me, std, mi\n",
    "\n"
   ]
  },
  {
   "cell_type": "code",
   "execution_count": null,
   "metadata": {
    "collapsed": true
   },
   "outputs": [],
   "source": [
    "nvals, me1, std1, mi1 = get_L_stats(PARAMS, lower_N=3, upper_N=8, exc_offset=0.)"
   ]
  },
  {
   "cell_type": "markdown",
   "metadata": {},
   "source": [
    "From the above we can see that the variance of the elements of L and the mean have the same scaling with N. This means that the chop threshold must decrease as a function of N to maintain stability. New to find this function of N. "
   ]
  },
  {
   "cell_type": "code",
   "execution_count": null,
   "metadata": {
    "collapsed": true
   },
   "outputs": [],
   "source": [
    "\n",
    "\"\"\"n = 1\n",
    "plt.plot(nvals[n::], std1[n::])\n",
    "plt.show()\n",
    "plt.plot(nvals[n::], me1[n::])\n",
    "plt.show()\n",
    "plt.plot(nvals[n::], mi1[n::])\n",
    "plt.show()\"\"\"\n"
   ]
  },
  {
   "cell_type": "code",
   "execution_count": 2,
   "metadata": {
    "collapsed": true
   },
   "outputs": [],
   "source": [
    "def normalise(y):\n",
    "    return y/y[0]\n",
    "\n",
    "from scipy.optimize import curve_fit\n",
    "import sys\n",
    "\n",
    "\n",
    "def dm_dim(N):\n",
    "    return (3*N*N)**2\n",
    "\n",
    "def fit_f(N, a, b, c, d):\n",
    "    return a*np.exp(-b*(N-c)**d)\n",
    "\n",
    "def fit_mean(nvals, me):\n",
    "    return curve_fit(fit_f, nvals, me)[0]\n",
    "\n",
    "\n",
    "def ss_error(ssa, ss0):\n",
    "    # Error in approx Liouvillian\n",
    "    return np.sqrt(np.sum((ssa.full()-ss0.full())**2)/nonzero_elements(ss0))"
   ]
  },
  {
   "cell_type": "code",
   "execution_count": null,
   "metadata": {
    "collapsed": true
   },
   "outputs": [],
   "source": [
    "\n",
    "std1 = normalise(std1)\n",
    "me1 = normalise(me1)\n",
    "\n",
    "cfm = curve_fit(fit_f, nvals, me1)\n",
    "cfs = curve_fit(fit_f, nvals, std1)\n",
    "print cfm[0], cfs[0]\n",
    "\n",
    "plt.plot(nvals, std1)\n",
    "plt.plot(nvals, fit_f(nvals, cfs[0][0], cfs[0][1], cfs[0][2], cfs[0][3]), ls='dashed', lw=3)\n",
    "plt.show()\n",
    "plt.plot(nvals, me1)\n",
    "plt.plot(nvals, fit_f(nvals, cfm[0][0], cfm[0][1], cfm[0][2], cfm[0][3]), ls='dashed', lw=3)\n",
    "plt.show()"
   ]
  },
  {
   "cell_type": "code",
   "execution_count": null,
   "metadata": {
    "collapsed": true
   },
   "outputs": [],
   "source": [
    "# N=5 : 2.68 sec (prec) | 168.534472942 seconds"
   ]
  },
  {
   "cell_type": "code",
   "execution_count": 3,
   "metadata": {
    "collapsed": true,
    "scrolled": true
   },
   "outputs": [],
   "source": [
    "w_2 = 8000.\n",
    "alpha = 50./pi\n",
    "\n",
    "N = 3\n",
    "pap = alpha_to_pialpha_prop(alpha, w_2)\n",
    "wc = 100.\n",
    "w_0 = 200.\n",
    "Gamma = (w_0**2)/wc\n",
    "PARAMS = PARAMS_setup(bias=100., w_2=8000., V = 100., pialpha_prop=pap,\n",
    "                                 T_EM=6000., T_ph =300.,\n",
    "                                 alpha_EM=0.1, shift=True,\n",
    "                                 num_cpus=3, N=N, Gamma=Gamma, w_0=w_0,\n",
    "                                 silent=True, exc_diff=N)\n",
    "\n",
    "def print_data_for_base_threshold(PARAMS):\n",
    "    # if the optimal chop is X for N=5, we can calculate what it should be when N=10\n",
    "    thresholds = [1e-4, 1e-5, 1e-6, 1e-7, 1e-8, 1e-9, 1e-10, 1e-11, 1e-12, 0.][::-1]\n",
    "    ss0 = 0\n",
    "    for threshold in thresholds:\n",
    "        print \"threshold = {}\".format(threshold)\n",
    "        H, L = get_H_and_L(PARAMS, silent=True, threshold=threshold)\n",
    "        ti = time.time()\n",
    "        ssL, info = calculate_steadystate(H, L, fill_factor=1000, persistent=False)\n",
    "        if threshold==0.:\n",
    "            ss0 = ssL\n",
    "\n",
    "        print \"SS took {} and has error of {}\".format(time.time()-ti, ss_error(ssL, ss0))#; ti = time.time()\n",
    "        #print info"
   ]
  },
  {
   "cell_type": "markdown",
   "metadata": {},
   "source": [
    "Looks like the optimal chop for N=3 (and these parameters) is $1 \\times 10^{-8}$"
   ]
  },
  {
   "cell_type": "code",
   "execution_count": null,
   "metadata": {
    "collapsed": true
   },
   "outputs": [],
   "source": [
    "def optimal_chop(base_chop, N, normalised_fit_params):\n",
    "    # assume that base chop is correct value for chop at base_N\n",
    "    # the function that finds the \n",
    "    nfp = normalised_fit_params\n",
    "    return base_chop*fit_f(N, nfp[0], nfp[1], nfp[2], nfp[3])\n",
    "\n",
    "print optimal_chop(1e-8, 8, fit_mean(nvals, me1))"
   ]
  },
  {
   "cell_type": "code",
   "execution_count": null,
   "metadata": {
    "collapsed": true
   },
   "outputs": [],
   "source": [
    "def find_optimal_chop_threshold(base_chop, N, PARAMS, exc_offset=0):\n",
    "    nvals, me, std, mi = get_L_stats(PARAMS, lower_N=3, upper_N=8, exc_offset=exc_offset)\n",
    "    return optimal_chop(base_chop, N, fit_mean(nvals, normalise(me)))\n"
   ]
  },
  {
   "cell_type": "code",
   "execution_count": null,
   "metadata": {
    "collapsed": true
   },
   "outputs": [],
   "source": [
    "# test for different exc_diff"
   ]
  },
  {
   "cell_type": "code",
   "execution_count": 4,
   "metadata": {
    "collapsed": true
   },
   "outputs": [],
   "source": [
    "PARAMS = PARAMS_setup(bias=100., w_2=8000., V = 100., pialpha_prop=pap,\n",
    "                                 T_EM=6000., T_ph =300.,\n",
    "                                 alpha_EM=0.1, shift=True,\n",
    "                                 num_cpus=3, N=N, Gamma=Gamma, w_0=w_0,\n",
    "                      silent=True, exc_diff=N-3)"
   ]
  },
  {
   "cell_type": "code",
   "execution_count": null,
   "metadata": {
    "collapsed": true
   },
   "outputs": [],
   "source": [
    "\n",
    "\n",
    "\n",
    "#print_data_for_base_threshold(PARAMS)\n"
   ]
  },
  {
   "cell_type": "code",
   "execution_count": null,
   "metadata": {
    "collapsed": true
   },
   "outputs": [],
   "source": [
    "oc = find_optimal_chop_threshold(1e-8, 8, PARAMS, exc_offset=3)"
   ]
  },
  {
   "cell_type": "code",
   "execution_count": 6,
   "metadata": {},
   "outputs": [
    {
     "name": "stdout",
     "output_type": "stream",
     "text": [
      "The operators took 0.533318042755 and have dimension 27.\n",
      "Building the RC Liouvillian took 0.552 seconds.\n",
      "****************************************************************\n",
      "It is 729by729. The full basis would be 729by729\n",
      "It took  0.370316028595  seconds to build the Non-secular RWA Liouvillian\n",
      "Steady state took 0.025 seconds\n",
      "Quantum object: dims = [[3, 3, 3], [3, 3, 3]], shape = (27, 27), type = oper, isherm = True\n",
      "Qobj data =\n",
      "[[ -1.72134502e-06 +0.00000000e+00j  -3.23505796e-07 -7.42548825e-07j\n",
      "    2.50191551e-06 +5.44418844e-07j   4.27619544e-07 +8.48999374e-07j\n",
      "    1.50547037e-07 +2.28632486e-06j   1.08537936e-07 -1.63493711e-07j\n",
      "   -6.60121149e-09 -8.76405133e-07j  -2.24228571e-08 -1.97833994e-07j\n",
      "   -3.34305740e-07 +2.08589629e-07j   0.00000000e+00 +0.00000000e+00j\n",
      "    0.00000000e+00 +0.00000000e+00j   0.00000000e+00 +0.00000000e+00j\n",
      "    0.00000000e+00 +0.00000000e+00j   0.00000000e+00 +0.00000000e+00j\n",
      "    0.00000000e+00 +0.00000000e+00j   0.00000000e+00 +0.00000000e+00j\n",
      "    0.00000000e+00 +0.00000000e+00j   0.00000000e+00 +0.00000000e+00j\n",
      "    0.00000000e+00 +0.00000000e+00j   0.00000000e+00 +0.00000000e+00j\n",
      "    0.00000000e+00 +0.00000000e+00j   0.00000000e+00 +0.00000000e+00j\n",
      "    0.00000000e+00 +0.00000000e+00j   0.00000000e+00 +0.00000000e+00j\n",
      "    0.00000000e+00 +0.00000000e+00j   0.00000000e+00 +0.00000000e+00j\n",
      "    0.00000000e+00 +0.00000000e+00j]\n",
      " [ -3.23505796e-07 +7.42548825e-07j   1.22317083e-01 +0.00000000e+00j\n",
      "    1.65345485e-07 -1.29366191e-06j  -1.22304715e-01 +1.74244958e-08j\n",
      "   -5.25729207e-07 -1.36082329e-08j   5.20670472e-10 +1.95512091e-06j\n",
      "   -2.20140426e-07 +4.81798346e-07j  -2.41067540e-07 -4.27057349e-07j\n",
      "   -1.06469988e-07 +2.53163117e-08j   0.00000000e+00 +0.00000000e+00j\n",
      "    0.00000000e+00 +0.00000000e+00j   0.00000000e+00 +0.00000000e+00j\n",
      "    0.00000000e+00 +0.00000000e+00j   0.00000000e+00 +0.00000000e+00j\n",
      "    0.00000000e+00 +0.00000000e+00j   0.00000000e+00 +0.00000000e+00j\n",
      "    0.00000000e+00 +0.00000000e+00j   0.00000000e+00 +0.00000000e+00j\n",
      "    0.00000000e+00 +0.00000000e+00j   0.00000000e+00 +0.00000000e+00j\n",
      "    0.00000000e+00 +0.00000000e+00j   0.00000000e+00 +0.00000000e+00j\n",
      "    0.00000000e+00 +0.00000000e+00j   0.00000000e+00 +0.00000000e+00j\n",
      "    0.00000000e+00 +0.00000000e+00j   0.00000000e+00 +0.00000000e+00j\n",
      "    0.00000000e+00 +0.00000000e+00j]\n",
      " [  2.50191551e-06 -5.44418844e-07j   1.65345485e-07 +1.29366191e-06j\n",
      "    6.25956845e-02 +0.00000000e+00j  -9.35347039e-07 -8.09656069e-07j\n",
      "   -8.85298776e-02 -4.21881393e-06j   7.72138431e-08 +4.68167007e-07j\n",
      "    1.97299726e-02 -3.56902261e-06j   3.19723579e-07 +9.01680328e-07j\n",
      "    2.39554912e-07 -3.64512541e-08j   0.00000000e+00 +0.00000000e+00j\n",
      "    0.00000000e+00 +0.00000000e+00j   0.00000000e+00 +0.00000000e+00j\n",
      "    0.00000000e+00 +0.00000000e+00j   0.00000000e+00 +0.00000000e+00j\n",
      "    0.00000000e+00 +0.00000000e+00j   0.00000000e+00 +0.00000000e+00j\n",
      "    0.00000000e+00 +0.00000000e+00j   0.00000000e+00 +0.00000000e+00j\n",
      "    0.00000000e+00 +0.00000000e+00j   0.00000000e+00 +0.00000000e+00j\n",
      "    0.00000000e+00 +0.00000000e+00j   0.00000000e+00 +0.00000000e+00j\n",
      "    0.00000000e+00 +0.00000000e+00j   0.00000000e+00 +0.00000000e+00j\n",
      "    0.00000000e+00 +0.00000000e+00j   0.00000000e+00 +0.00000000e+00j\n",
      "    0.00000000e+00 +0.00000000e+00j]\n",
      " [  4.27619544e-07 -8.48999374e-07j  -1.22304715e-01 -1.74244958e-08j\n",
      "   -9.35347039e-07 +8.09656069e-07j   1.22301846e-01 +0.00000000e+00j\n",
      "    2.03841137e-07 +3.47282692e-07j   5.93323604e-07 -4.78065225e-08j\n",
      "    1.07758788e-07 -3.07401239e-07j  -1.02597665e-07 +9.61666954e-08j\n",
      "    6.86781265e-09 +8.27799869e-09j   0.00000000e+00 +0.00000000e+00j\n",
      "    0.00000000e+00 +0.00000000e+00j   0.00000000e+00 +0.00000000e+00j\n",
      "    0.00000000e+00 +0.00000000e+00j   0.00000000e+00 +0.00000000e+00j\n",
      "    0.00000000e+00 +0.00000000e+00j   0.00000000e+00 +0.00000000e+00j\n",
      "    0.00000000e+00 +0.00000000e+00j   0.00000000e+00 +0.00000000e+00j\n",
      "    0.00000000e+00 +0.00000000e+00j   0.00000000e+00 +0.00000000e+00j\n",
      "    0.00000000e+00 +0.00000000e+00j   0.00000000e+00 +0.00000000e+00j\n",
      "    0.00000000e+00 +0.00000000e+00j   0.00000000e+00 +0.00000000e+00j\n",
      "    0.00000000e+00 +0.00000000e+00j   0.00000000e+00 +0.00000000e+00j\n",
      "    0.00000000e+00 +0.00000000e+00j]\n",
      " [  1.50547037e-07 -2.28632486e-06j  -5.25729207e-07 +1.36082329e-08j\n",
      "   -8.85298776e-02 +4.21881393e-06j   2.03841137e-07 -3.47282692e-07j\n",
      "    1.25203565e-01 +0.00000000e+00j  -6.80308863e-11 -1.48888566e-07j\n",
      "   -2.79038109e-02 +7.33713828e-06j   3.74347996e-11 -3.94670538e-07j\n",
      "    4.41466053e-11 +5.19300198e-08j   0.00000000e+00 +0.00000000e+00j\n",
      "    0.00000000e+00 +0.00000000e+00j   0.00000000e+00 +0.00000000e+00j\n",
      "    0.00000000e+00 +0.00000000e+00j   0.00000000e+00 +0.00000000e+00j\n",
      "    0.00000000e+00 +0.00000000e+00j   0.00000000e+00 +0.00000000e+00j\n",
      "    0.00000000e+00 +0.00000000e+00j   0.00000000e+00 +0.00000000e+00j\n",
      "    0.00000000e+00 +0.00000000e+00j   0.00000000e+00 +0.00000000e+00j\n",
      "    0.00000000e+00 +0.00000000e+00j   0.00000000e+00 +0.00000000e+00j\n",
      "    0.00000000e+00 +0.00000000e+00j   0.00000000e+00 +0.00000000e+00j\n",
      "    0.00000000e+00 +0.00000000e+00j   0.00000000e+00 +0.00000000e+00j\n",
      "    0.00000000e+00 +0.00000000e+00j]\n",
      " [  1.08537936e-07 +1.63493711e-07j   5.20670472e-10 -1.95512091e-06j\n",
      "    7.72138431e-08 -4.68167007e-07j   5.93323604e-07 +4.78065225e-08j\n",
      "   -6.80308863e-11 +1.48888566e-07j   9.13440412e-02 +0.00000000e+00j\n",
      "   -1.81352618e-09 -8.72344562e-08j  -1.93560033e-02 -6.46741424e-06j\n",
      "   -1.20724105e-10 +3.69216238e-07j   0.00000000e+00 +0.00000000e+00j\n",
      "    0.00000000e+00 +0.00000000e+00j   0.00000000e+00 +0.00000000e+00j\n",
      "    0.00000000e+00 +0.00000000e+00j   0.00000000e+00 +0.00000000e+00j\n",
      "    0.00000000e+00 +0.00000000e+00j   0.00000000e+00 +0.00000000e+00j\n",
      "    0.00000000e+00 +0.00000000e+00j   0.00000000e+00 +0.00000000e+00j\n",
      "    0.00000000e+00 +0.00000000e+00j   0.00000000e+00 +0.00000000e+00j\n",
      "    0.00000000e+00 +0.00000000e+00j   0.00000000e+00 +0.00000000e+00j\n",
      "    0.00000000e+00 +0.00000000e+00j   0.00000000e+00 +0.00000000e+00j\n",
      "    0.00000000e+00 +0.00000000e+00j   0.00000000e+00 +0.00000000e+00j\n",
      "    0.00000000e+00 +0.00000000e+00j]\n",
      " [ -6.60121149e-09 +8.76405133e-07j  -2.20140426e-07 -4.81798346e-07j\n",
      "    1.97299726e-02 +3.56902261e-06j   1.07758788e-07 +3.07401239e-07j\n",
      "   -2.79038109e-02 -7.33713828e-06j  -1.81352618e-09 +8.72344562e-08j\n",
      "    8.31974391e-02 +0.00000000e+00j   7.70347490e-10 +1.25245661e-06j\n",
      "   -5.75639388e-11 -2.31215426e-07j   0.00000000e+00 +0.00000000e+00j\n",
      "    0.00000000e+00 +0.00000000e+00j   0.00000000e+00 +0.00000000e+00j\n",
      "    0.00000000e+00 +0.00000000e+00j   0.00000000e+00 +0.00000000e+00j\n",
      "    0.00000000e+00 +0.00000000e+00j   0.00000000e+00 +0.00000000e+00j\n",
      "    0.00000000e+00 +0.00000000e+00j   0.00000000e+00 +0.00000000e+00j\n",
      "    0.00000000e+00 +0.00000000e+00j   0.00000000e+00 +0.00000000e+00j\n",
      "    0.00000000e+00 +0.00000000e+00j   0.00000000e+00 +0.00000000e+00j\n",
      "    0.00000000e+00 +0.00000000e+00j   0.00000000e+00 +0.00000000e+00j\n",
      "    0.00000000e+00 +0.00000000e+00j   0.00000000e+00 +0.00000000e+00j\n",
      "    0.00000000e+00 +0.00000000e+00j]\n",
      " [ -2.24228571e-08 +1.97833994e-07j  -2.41067540e-07 +4.27057349e-07j\n",
      "    3.19723579e-07 -9.01680328e-07j  -1.02597665e-07 -9.61666954e-08j\n",
      "    3.74347996e-11 +3.94670538e-07j  -1.93560033e-02 +6.46741424e-06j\n",
      "    7.70347490e-10 -1.25245661e-06j   8.97148087e-02 +0.00000000e+00j\n",
      "    4.85894736e-10 +3.64398860e-07j   0.00000000e+00 +0.00000000e+00j\n",
      "    0.00000000e+00 +0.00000000e+00j   0.00000000e+00 +0.00000000e+00j\n",
      "    0.00000000e+00 +0.00000000e+00j   0.00000000e+00 +0.00000000e+00j\n",
      "    0.00000000e+00 +0.00000000e+00j   0.00000000e+00 +0.00000000e+00j\n",
      "    0.00000000e+00 +0.00000000e+00j   0.00000000e+00 +0.00000000e+00j\n",
      "    0.00000000e+00 +0.00000000e+00j   0.00000000e+00 +0.00000000e+00j\n",
      "    0.00000000e+00 +0.00000000e+00j   0.00000000e+00 +0.00000000e+00j\n",
      "    0.00000000e+00 +0.00000000e+00j   0.00000000e+00 +0.00000000e+00j\n",
      "    0.00000000e+00 +0.00000000e+00j   0.00000000e+00 +0.00000000e+00j\n",
      "    0.00000000e+00 +0.00000000e+00j]\n",
      " [ -3.34305740e-07 -2.08589629e-07j  -1.06469988e-07 -2.53163117e-08j\n",
      "    2.39554912e-07 +3.64512541e-08j   6.86781265e-09 -8.27799869e-09j\n",
      "    4.41466053e-11 -5.19300198e-08j  -1.20724105e-10 -3.69216238e-07j\n",
      "   -5.75639388e-11 +2.31215426e-07j   4.85894736e-10 -3.64398860e-07j\n",
      "    8.31288342e-02 +0.00000000e+00j   0.00000000e+00 +0.00000000e+00j\n",
      "    0.00000000e+00 +0.00000000e+00j   0.00000000e+00 +0.00000000e+00j\n",
      "    0.00000000e+00 +0.00000000e+00j   0.00000000e+00 +0.00000000e+00j\n",
      "    0.00000000e+00 +0.00000000e+00j   0.00000000e+00 +0.00000000e+00j\n",
      "    0.00000000e+00 +0.00000000e+00j   0.00000000e+00 +0.00000000e+00j\n",
      "    0.00000000e+00 +0.00000000e+00j   0.00000000e+00 +0.00000000e+00j\n",
      "    0.00000000e+00 +0.00000000e+00j   0.00000000e+00 +0.00000000e+00j\n",
      "    0.00000000e+00 +0.00000000e+00j   0.00000000e+00 +0.00000000e+00j\n",
      "    0.00000000e+00 +0.00000000e+00j   0.00000000e+00 +0.00000000e+00j\n",
      "    0.00000000e+00 +0.00000000e+00j]\n",
      " [  0.00000000e+00 +0.00000000e+00j   0.00000000e+00 +0.00000000e+00j\n",
      "    0.00000000e+00 +0.00000000e+00j   0.00000000e+00 +0.00000000e+00j\n",
      "    0.00000000e+00 +0.00000000e+00j   0.00000000e+00 +0.00000000e+00j\n",
      "    0.00000000e+00 +0.00000000e+00j   0.00000000e+00 +0.00000000e+00j\n",
      "    0.00000000e+00 +0.00000000e+00j   5.58528590e-03 +0.00000000e+00j\n",
      "   -2.36255687e-03 -6.66545908e-07j  -3.94122576e-04 +3.39379331e-06j\n",
      "    2.36796147e-03 -2.11830880e-06j   1.60421898e-03 -7.18164868e-07j\n",
      "   -1.04886785e-04 -7.26393300e-07j  -9.66354610e-04 +9.28746592e-07j\n",
      "   -3.25801602e-04 -2.69570159e-08j   2.04996622e-05 +1.89091507e-07j\n",
      "   -1.80130458e-03 +3.67318894e-07j  -5.20430755e-05 -3.45675427e-06j\n",
      "    8.45660146e-04 -3.72606708e-06j   8.56515162e-04 +1.73535951e-06j\n",
      "   -2.49396027e-03 +2.73698329e-06j   8.06250016e-04 -7.60106105e-07j\n",
      "    5.94710859e-04 -9.76006966e-07j   5.22124082e-05 +4.10337148e-07j\n",
      "   -3.40461453e-05 -1.47732005e-07j]\n",
      " [  0.00000000e+00 +0.00000000e+00j   0.00000000e+00 +0.00000000e+00j\n",
      "    0.00000000e+00 +0.00000000e+00j   0.00000000e+00 +0.00000000e+00j\n",
      "    0.00000000e+00 +0.00000000e+00j   0.00000000e+00 +0.00000000e+00j\n",
      "    0.00000000e+00 +0.00000000e+00j   0.00000000e+00 +0.00000000e+00j\n",
      "    0.00000000e+00 +0.00000000e+00j  -2.36255687e-03 +6.66545908e-07j\n",
      "    1.33751488e-02 +0.00000000e+00j  -4.44777249e-03 -1.12263529e-07j\n",
      "   -6.47969018e-03 +9.87855065e-06j   1.82226399e-04 -1.86407391e-06j\n",
      "    1.18515557e-03 +5.76471079e-07j   3.28980263e-03 -4.19143081e-06j\n",
      "   -1.06025833e-03 -5.61257529e-07j  -1.09650801e-04 +7.07884313e-08j\n",
      "    9.39031377e-04 -4.95557106e-07j   6.78693926e-03 +4.30222947e-07j\n",
      "    1.70554246e-04 +2.59242007e-06j  -3.17460026e-03 +8.57032307e-06j\n",
      "    1.37532551e-03 +1.07947853e-06j  -5.74362243e-04 -1.75628920e-06j\n",
      "   -3.41243559e-03 -5.59018768e-06j   2.01392006e-03 +3.22390967e-06j\n",
      "   -4.83755186e-04 -8.79244516e-07j]\n",
      " [  0.00000000e+00 +0.00000000e+00j   0.00000000e+00 +0.00000000e+00j\n",
      "    0.00000000e+00 +0.00000000e+00j   0.00000000e+00 +0.00000000e+00j\n",
      "    0.00000000e+00 +0.00000000e+00j   0.00000000e+00 +0.00000000e+00j\n",
      "    0.00000000e+00 +0.00000000e+00j   0.00000000e+00 +0.00000000e+00j\n",
      "    0.00000000e+00 +0.00000000e+00j  -3.94122576e-04 -3.39379331e-06j\n",
      "   -4.44777249e-03 +1.12263529e-07j   1.37691774e-02 +0.00000000e+00j\n",
      "    2.19722630e-04 -1.12665186e-05j  -5.09225676e-03 +2.90530373e-06j\n",
      "    1.74067582e-03 -1.05953058e-06j   1.38629959e-03 +3.44275358e-06j\n",
      "    6.76709497e-04 -3.78482744e-06j  -3.31092942e-04 +6.21693202e-07j\n",
      "   -9.60364887e-04 -1.09576953e-06j  -4.28619098e-03 -9.77095641e-07j\n",
      "   -2.94122200e-03 +1.14551845e-07j   2.60188345e-04 -8.49750059e-06j\n",
      "    1.54390485e-04 -5.26832498e-06j  -1.91518674e-03 +1.33843018e-06j\n",
      "   -1.99186901e-03 +1.41892059e-05j   2.87545340e-03 -2.01086527e-07j\n",
      "   -1.08461891e-03 -4.77732029e-07j]\n",
      " [  0.00000000e+00 +0.00000000e+00j   0.00000000e+00 +0.00000000e+00j\n",
      "    0.00000000e+00 +0.00000000e+00j   0.00000000e+00 +0.00000000e+00j\n",
      "    0.00000000e+00 +0.00000000e+00j   0.00000000e+00 +0.00000000e+00j\n",
      "    0.00000000e+00 +0.00000000e+00j   0.00000000e+00 +0.00000000e+00j\n",
      "    0.00000000e+00 +0.00000000e+00j   2.36796147e-03 +2.11830880e-06j\n",
      "   -6.47969018e-03 -9.87855065e-06j   2.19722630e-04 +1.12665186e-05j\n",
      "    1.11708011e-02 +0.00000000e+00j   2.67356906e-03 +9.51284358e-07j\n",
      "   -3.39611770e-04 -3.18937796e-06j  -1.11869033e-03 -1.19609995e-07j\n",
      "   -3.82758365e-04 -7.80301713e-07j   7.49127492e-05 +7.78571150e-07j\n",
      "    6.76528517e-04 -3.40312712e-07j  -3.44588759e-03 -9.84098196e-06j\n",
      "    1.16850287e-03 -1.33734808e-05j   3.07419723e-03 -5.33808576e-07j\n",
      "   -5.32224161e-03 +6.93445015e-06j   1.66466677e-03 -5.44555264e-07j\n",
      "    1.11925799e-03 +7.14609816e-07j   3.57518787e-04 +2.35726137e-07j\n",
      "   -2.00661654e-04 -2.50984967e-07j]\n",
      " [  0.00000000e+00 +0.00000000e+00j   0.00000000e+00 +0.00000000e+00j\n",
      "    0.00000000e+00 +0.00000000e+00j   0.00000000e+00 +0.00000000e+00j\n",
      "    0.00000000e+00 +0.00000000e+00j   0.00000000e+00 +0.00000000e+00j\n",
      "    0.00000000e+00 +0.00000000e+00j   0.00000000e+00 +0.00000000e+00j\n",
      "    0.00000000e+00 +0.00000000e+00j   1.60421898e-03 +7.18164868e-07j\n",
      "    1.82226399e-04 +1.86407391e-06j  -5.09225676e-03 -2.90530373e-06j\n",
      "    2.67356906e-03 -9.51284358e-07j   1.73164299e-02 +0.00000000e+00j\n",
      "   -2.41658540e-04 +1.19807057e-06j  -6.97976853e-03 -6.83922754e-07j\n",
      "   -3.36526659e-03 +4.89850699e-07j   3.34511846e-04 -5.66041932e-07j\n",
      "    3.60353858e-05 +1.07100171e-06j  -2.10738489e-03 +3.16118269e-06j\n",
      "   -2.14307094e-03 +4.45450834e-06j   9.05716856e-04 -1.10347019e-06j\n",
      "   -7.27721747e-04 -1.56153827e-06j   8.20051082e-04 -1.91121117e-07j\n",
      "    2.64974943e-03 +4.44578798e-07j   2.23898317e-03 +1.70479973e-07j\n",
      "   -4.98221838e-04 +4.04898377e-08j]\n",
      " [  0.00000000e+00 +0.00000000e+00j   0.00000000e+00 +0.00000000e+00j\n",
      "    0.00000000e+00 +0.00000000e+00j   0.00000000e+00 +0.00000000e+00j\n",
      "    0.00000000e+00 +0.00000000e+00j   0.00000000e+00 +0.00000000e+00j\n",
      "    0.00000000e+00 +0.00000000e+00j   0.00000000e+00 +0.00000000e+00j\n",
      "    0.00000000e+00 +0.00000000e+00j  -1.04886785e-04 +7.26393300e-07j\n",
      "    1.18515557e-03 -5.76471079e-07j   1.74067582e-03 +1.05953058e-06j\n",
      "   -3.39611770e-04 +3.18937796e-06j  -2.41658540e-04 -1.19807057e-06j\n",
      "    1.38917739e-02 +0.00000000e+00j   8.31538863e-04 +1.89174366e-06j\n",
      "   -2.84401958e-03 -1.40174597e-07j  -5.18518984e-04 -3.70240704e-07j\n",
      "    1.58884651e-04 +6.27434140e-08j   1.08243770e-03 -5.37539293e-07j\n",
      "    1.14838320e-03 -7.66947137e-07j  -2.20870337e-04 +1.94659129e-06j\n",
      "   -9.23535711e-04 +1.21015964e-06j  -2.51660286e-03 +6.71477328e-10j\n",
      "    1.71198278e-03 -2.27759787e-06j   1.90567612e-03 -1.84100525e-06j\n",
      "   -7.71190598e-04 +1.28061880e-06j]\n",
      " [  0.00000000e+00 +0.00000000e+00j   0.00000000e+00 +0.00000000e+00j\n",
      "    0.00000000e+00 +0.00000000e+00j   0.00000000e+00 +0.00000000e+00j\n",
      "    0.00000000e+00 +0.00000000e+00j   0.00000000e+00 +0.00000000e+00j\n",
      "    0.00000000e+00 +0.00000000e+00j   0.00000000e+00 +0.00000000e+00j\n",
      "    0.00000000e+00 +0.00000000e+00j  -9.66354610e-04 -9.28746592e-07j\n",
      "    3.28980263e-03 +4.19143081e-06j   1.38629959e-03 -3.44275358e-06j\n",
      "   -1.11869033e-03 +1.19609995e-07j  -6.97976853e-03 +6.83922754e-07j\n",
      "    8.31538863e-04 -1.89174366e-06j   1.17497009e-02 +0.00000000e+00j\n",
      "    2.19709769e-03 -1.95818779e-06j  -1.76390882e-04 +7.20986532e-07j\n",
      "   -1.11712995e-04 -2.81380424e-07j   1.62292591e-03 +2.30937626e-06j\n",
      "   -2.36013940e-03 +4.62960720e-07j  -1.01370656e-03 +6.21366092e-07j\n",
      "    7.99980029e-04 +3.13643397e-07j  -1.09457702e-03 +3.90107350e-06j\n",
      "    4.18942930e-04 -2.90006937e-07j   8.38334771e-04 +6.06466403e-07j\n",
      "   -4.71762667e-04 -2.70764921e-07j]\n",
      " [  0.00000000e+00 +0.00000000e+00j   0.00000000e+00 +0.00000000e+00j\n",
      "    0.00000000e+00 +0.00000000e+00j   0.00000000e+00 +0.00000000e+00j\n",
      "    0.00000000e+00 +0.00000000e+00j   0.00000000e+00 +0.00000000e+00j\n",
      "    0.00000000e+00 +0.00000000e+00j   0.00000000e+00 +0.00000000e+00j\n",
      "    0.00000000e+00 +0.00000000e+00j  -3.25801602e-04 +2.69570159e-08j\n",
      "   -1.06025833e-03 +5.61257529e-07j   6.76709497e-04 +3.78482744e-06j\n",
      "   -3.82758365e-04 +7.80301713e-07j  -3.36526659e-03 -4.89850699e-07j\n",
      "   -2.84401958e-03 +1.40174597e-07j   2.19709769e-03 +1.95818779e-06j\n",
      "    1.44790399e-02 +0.00000000e+00j   4.96291265e-04 -9.86792057e-07j\n",
      "   -2.77272695e-05 +9.81504659e-08j   3.34715722e-04 +1.18846511e-06j\n",
      "    1.14764446e-03 +3.29330030e-06j  -4.66666328e-04 +2.02697061e-07j\n",
      "   -9.04444656e-04 -1.67038418e-07j   6.89220726e-04 +6.88001910e-07j\n",
      "   -1.36447870e-03 +7.41368581e-07j  -1.60993284e-03 +3.74749505e-07j\n",
      "    1.10009979e-03 +2.38624938e-08j]\n",
      " [  0.00000000e+00 +0.00000000e+00j   0.00000000e+00 +0.00000000e+00j\n",
      "    0.00000000e+00 +0.00000000e+00j   0.00000000e+00 +0.00000000e+00j\n",
      "    0.00000000e+00 +0.00000000e+00j   0.00000000e+00 +0.00000000e+00j\n",
      "    0.00000000e+00 +0.00000000e+00j   0.00000000e+00 +0.00000000e+00j\n",
      "    0.00000000e+00 +0.00000000e+00j   2.04996622e-05 -1.89091507e-07j\n",
      "   -1.09650801e-04 -7.07884313e-08j  -3.31092942e-04 -6.21693202e-07j\n",
      "    7.49127492e-05 -7.78571150e-07j   3.34511846e-04 +5.66041932e-07j\n",
      "   -5.18518984e-04 +3.70240704e-07j  -1.76390882e-04 -7.20986532e-07j\n",
      "    4.96291265e-04 +9.86792057e-07j   1.24081339e-02 +0.00000000e+00j\n",
      "   -2.79070222e-05 -8.19656364e-08j  -1.93039894e-04 -2.69518859e-07j\n",
      "   -3.01666986e-04 -6.24956976e-07j   7.10980107e-05 -3.83065756e-07j\n",
      "    1.79410885e-04 -2.22315561e-08j  -9.04705585e-05 +2.72507318e-07j\n",
      "   -4.20700323e-04 +4.16649067e-07j  -1.08584822e-03 +9.72951955e-07j\n",
      "   -1.06599876e-03 -3.06072538e-07j]\n",
      " [  0.00000000e+00 +0.00000000e+00j   0.00000000e+00 +0.00000000e+00j\n",
      "    0.00000000e+00 +0.00000000e+00j   0.00000000e+00 +0.00000000e+00j\n",
      "    0.00000000e+00 +0.00000000e+00j   0.00000000e+00 +0.00000000e+00j\n",
      "    0.00000000e+00 +0.00000000e+00j   0.00000000e+00 +0.00000000e+00j\n",
      "    0.00000000e+00 +0.00000000e+00j  -1.80130458e-03 -3.67318894e-07j\n",
      "    9.39031377e-04 +4.95557106e-07j  -9.60364887e-04 +1.09576953e-06j\n",
      "    6.76528517e-04 +3.40312712e-07j   3.60353858e-05 -1.07100171e-06j\n",
      "    1.58884651e-04 -6.27434140e-08j  -1.11712995e-04 +2.81380424e-07j\n",
      "   -2.77272695e-05 -9.81504659e-08j  -2.79070222e-05 +8.19656364e-08j\n",
      "    6.87141236e-03 +0.00000000e+00j  -4.06041402e-04 -1.51194623e-06j\n",
      "    1.26456003e-03 -1.03522617e-06j  -7.12806492e-04 +2.97008063e-06j\n",
      "   -7.02372761e-04 +1.86190020e-06j   2.55306747e-04 -8.97113253e-07j\n",
      "    6.32636561e-05 -2.12604150e-06j   6.89338819e-05 +9.81722847e-07j\n",
      "   -2.37215980e-05 -2.78582233e-07j]\n",
      " [  0.00000000e+00 +0.00000000e+00j   0.00000000e+00 +0.00000000e+00j\n",
      "    0.00000000e+00 +0.00000000e+00j   0.00000000e+00 +0.00000000e+00j\n",
      "    0.00000000e+00 +0.00000000e+00j   0.00000000e+00 +0.00000000e+00j\n",
      "    0.00000000e+00 +0.00000000e+00j   0.00000000e+00 +0.00000000e+00j\n",
      "    0.00000000e+00 +0.00000000e+00j  -5.20430755e-05 +3.45675427e-06j\n",
      "    6.78693926e-03 -4.30222947e-07j  -4.28619098e-03 +9.77095641e-07j\n",
      "   -3.44588759e-03 +9.84098196e-06j  -2.10738489e-03 -3.16118269e-06j\n",
      "    1.08243770e-03 +5.37539293e-07j   1.62292591e-03 -2.30937626e-06j\n",
      "    3.34715722e-04 -1.18846511e-06j  -1.93039894e-04 +2.69518859e-07j\n",
      "   -4.06041402e-04 +1.51194623e-06j   8.91290511e-03 +0.00000000e+00j\n",
      "    4.02509947e-03 -1.91075569e-07j  -2.97303671e-03 +8.25987342e-06j\n",
      "   -7.47016353e-04 +5.25657325e-06j   2.57532667e-04 -3.38953708e-06j\n",
      "   -5.72225114e-04 -9.01309405e-06j   5.01586912e-04 +5.15904139e-06j\n",
      "   -1.62209707e-04 -1.48331807e-06j]\n",
      " [  0.00000000e+00 +0.00000000e+00j   0.00000000e+00 +0.00000000e+00j\n",
      "    0.00000000e+00 +0.00000000e+00j   0.00000000e+00 +0.00000000e+00j\n",
      "    0.00000000e+00 +0.00000000e+00j   0.00000000e+00 +0.00000000e+00j\n",
      "    0.00000000e+00 +0.00000000e+00j   0.00000000e+00 +0.00000000e+00j\n",
      "    0.00000000e+00 +0.00000000e+00j   8.45660146e-04 +3.72606708e-06j\n",
      "    1.70554246e-04 -2.59242007e-06j  -2.94122200e-03 -1.14551845e-07j\n",
      "    1.16850287e-03 +1.33734808e-05j  -2.14307094e-03 -4.45450834e-06j\n",
      "    1.14838320e-03 +7.66947137e-07j  -2.36013940e-03 -4.62960720e-07j\n",
      "    1.14764446e-03 -3.29330030e-06j  -3.01666986e-04 +6.24956976e-07j\n",
      "    1.26456003e-03 +1.03522617e-06j   4.02509947e-03 +1.91075569e-07j\n",
      "    1.16121788e-02 +0.00000000e+00j  -2.95487465e-04 +9.20860141e-06j\n",
      "   -6.32481473e-03 +6.64528615e-06j   1.75938757e-03 -5.08162400e-06j\n",
      "    4.20086011e-03 -1.04210988e-05j  -2.88437844e-04 +8.64013555e-06j\n",
      "   -1.64181314e-04 -2.68226842e-06j]\n",
      " [  0.00000000e+00 +0.00000000e+00j   0.00000000e+00 +0.00000000e+00j\n",
      "    0.00000000e+00 +0.00000000e+00j   0.00000000e+00 +0.00000000e+00j\n",
      "    0.00000000e+00 +0.00000000e+00j   0.00000000e+00 +0.00000000e+00j\n",
      "    0.00000000e+00 +0.00000000e+00j   0.00000000e+00 +0.00000000e+00j\n",
      "    0.00000000e+00 +0.00000000e+00j   8.56515162e-04 -1.73535951e-06j\n",
      "   -3.17460026e-03 -8.57032307e-06j   2.60188345e-04 +8.49750059e-06j\n",
      "    3.07419723e-03 +5.33808576e-07j   9.05716856e-04 +1.10347019e-06j\n",
      "   -2.20870337e-04 -1.94659129e-06j  -1.01370656e-03 -6.21366092e-07j\n",
      "   -4.66666328e-04 -2.02697061e-07j   7.10980107e-05 +3.83065756e-07j\n",
      "   -7.12806492e-04 -2.97008063e-06j  -2.97303671e-03 -8.25987342e-06j\n",
      "   -2.95487465e-04 -9.20860141e-06j   4.74126992e-03 +0.00000000e+00j\n",
      "    2.15329098e-03 +3.09275856e-06j  -1.43379570e-04 -4.41118653e-07j\n",
      "   -5.86096370e-04 +1.97188342e-06j   4.05316974e-04 -4.91728875e-07j\n",
      "   -7.50398858e-05 +1.76977439e-08j]\n",
      " [  0.00000000e+00 +0.00000000e+00j   0.00000000e+00 +0.00000000e+00j\n",
      "    0.00000000e+00 +0.00000000e+00j   0.00000000e+00 +0.00000000e+00j\n",
      "    0.00000000e+00 +0.00000000e+00j   0.00000000e+00 +0.00000000e+00j\n",
      "    0.00000000e+00 +0.00000000e+00j   0.00000000e+00 +0.00000000e+00j\n",
      "    0.00000000e+00 +0.00000000e+00j  -2.49396027e-03 -2.73698329e-06j\n",
      "    1.37532551e-03 -1.07947853e-06j   1.54390485e-04 +5.26832498e-06j\n",
      "   -5.32224161e-03 -6.93445015e-06j  -7.27721747e-04 +1.56153827e-06j\n",
      "   -9.23535711e-04 -1.21015964e-06j   7.99980029e-04 -3.13643397e-07j\n",
      "   -9.04444656e-04 +1.67038418e-07j   1.79410885e-04 +2.22315561e-08j\n",
      "   -7.02372761e-04 -1.86190020e-06j  -7.47016353e-04 -5.25657325e-06j\n",
      "   -6.32481473e-03 -6.64528615e-06j   2.15329098e-03 -3.09275856e-06j\n",
      "    1.94365848e-02 +0.00000000e+00j  -4.32414848e-04 +3.78960553e-07j\n",
      "   -4.26888297e-03 +2.75161468e-06j   4.35026874e-04 -1.11706856e-06j\n",
      "    3.20796362e-04 +2.37201937e-07j]\n",
      " [  0.00000000e+00 +0.00000000e+00j   0.00000000e+00 +0.00000000e+00j\n",
      "    0.00000000e+00 +0.00000000e+00j   0.00000000e+00 +0.00000000e+00j\n",
      "    0.00000000e+00 +0.00000000e+00j   0.00000000e+00 +0.00000000e+00j\n",
      "    0.00000000e+00 +0.00000000e+00j   0.00000000e+00 +0.00000000e+00j\n",
      "    0.00000000e+00 +0.00000000e+00j   8.06250016e-04 +7.60106105e-07j\n",
      "   -5.74362243e-04 +1.75628920e-06j  -1.91518674e-03 -1.33843018e-06j\n",
      "    1.66466677e-03 +5.44555264e-07j   8.20051082e-04 +1.91121117e-07j\n",
      "   -2.51660286e-03 -6.71477328e-10j  -1.09457702e-03 -3.90107350e-06j\n",
      "    6.89220726e-04 -6.88001910e-07j  -9.04705585e-05 -2.72507318e-07j\n",
      "    2.55306747e-04 +8.97113253e-07j   2.57532667e-04 +3.38953708e-06j\n",
      "    1.75938757e-03 +5.08162400e-06j  -1.43379570e-04 +4.41118653e-07j\n",
      "   -4.32414848e-04 -3.78960553e-07j   1.69295531e-02 +0.00000000e+00j\n",
      "   -1.12772721e-03 -2.12990190e-06j  -5.25773570e-03 +8.83684367e-07j\n",
      "    2.44890611e-03 -1.02415009e-07j]\n",
      " [  0.00000000e+00 +0.00000000e+00j   0.00000000e+00 +0.00000000e+00j\n",
      "    0.00000000e+00 +0.00000000e+00j   0.00000000e+00 +0.00000000e+00j\n",
      "    0.00000000e+00 +0.00000000e+00j   0.00000000e+00 +0.00000000e+00j\n",
      "    0.00000000e+00 +0.00000000e+00j   0.00000000e+00 +0.00000000e+00j\n",
      "    0.00000000e+00 +0.00000000e+00j   5.94710859e-04 +9.76006966e-07j\n",
      "   -3.41243559e-03 +5.59018768e-06j  -1.99186901e-03 -1.41892059e-05j\n",
      "    1.11925799e-03 -7.14609816e-07j   2.64974943e-03 -4.44578798e-07j\n",
      "    1.71198278e-03 +2.27759787e-06j   4.18942930e-04 +2.90006937e-07j\n",
      "   -1.36447870e-03 -7.41368581e-07j  -4.20700323e-04 -4.16649067e-07j\n",
      "    6.32636561e-05 +2.12604150e-06j  -5.72225114e-04 +9.01309405e-06j\n",
      "    4.20086011e-03 +1.04210988e-05j  -5.86096370e-04 -1.97188342e-06j\n",
      "   -4.26888297e-03 -2.75161468e-06j  -1.12772721e-03 +2.12990190e-06j\n",
      "    1.08042924e-02 +0.00000000e+00j   2.50238877e-03 -1.69154077e-07j\n",
      "   -5.52682610e-04 +2.85546044e-07j]\n",
      " [  0.00000000e+00 +0.00000000e+00j   0.00000000e+00 +0.00000000e+00j\n",
      "    0.00000000e+00 +0.00000000e+00j   0.00000000e+00 +0.00000000e+00j\n",
      "    0.00000000e+00 +0.00000000e+00j   0.00000000e+00 +0.00000000e+00j\n",
      "    0.00000000e+00 +0.00000000e+00j   0.00000000e+00 +0.00000000e+00j\n",
      "    0.00000000e+00 +0.00000000e+00j   5.22124082e-05 -4.10337148e-07j\n",
      "    2.01392006e-03 -3.22390967e-06j   2.87545340e-03 +2.01086527e-07j\n",
      "    3.57518787e-04 -2.35726137e-07j   2.23898317e-03 -1.70479973e-07j\n",
      "    1.90567612e-03 +1.84100525e-06j   8.38334771e-04 -6.06466403e-07j\n",
      "   -1.60993284e-03 -3.74749505e-07j  -1.08584822e-03 -9.72951955e-07j\n",
      "    6.89338819e-05 -9.81722847e-07j   5.01586912e-04 -5.15904139e-06j\n",
      "   -2.88437844e-04 -8.64013555e-06j   4.05316974e-04 +4.91728875e-07j\n",
      "    4.35026874e-04 +1.11706856e-06j  -5.25773570e-03 -8.83684367e-07j\n",
      "    2.50238877e-03 +1.69154077e-07j   1.39852570e-02 +0.00000000e+00j\n",
      "    4.84680242e-04 +3.70240704e-07j]\n",
      " [  0.00000000e+00 +0.00000000e+00j   0.00000000e+00 +0.00000000e+00j\n",
      "    0.00000000e+00 +0.00000000e+00j   0.00000000e+00 +0.00000000e+00j\n",
      "    0.00000000e+00 +0.00000000e+00j   0.00000000e+00 +0.00000000e+00j\n",
      "    0.00000000e+00 +0.00000000e+00j   0.00000000e+00 +0.00000000e+00j\n",
      "    0.00000000e+00 +0.00000000e+00j  -3.40461453e-05 +1.47732005e-07j\n",
      "   -4.83755186e-04 +8.79244516e-07j  -1.08461891e-03 +4.77732029e-07j\n",
      "   -2.00661654e-04 +2.50984967e-07j  -4.98221838e-04 -4.04898377e-08j\n",
      "   -7.71190598e-04 -1.28061880e-06j  -4.71762667e-04 +2.70764921e-07j\n",
      "    1.10009979e-03 -2.38624938e-08j  -1.06599876e-03 +3.06072538e-07j\n",
      "   -2.37215980e-05 +2.78582233e-07j  -1.62209707e-04 +1.48331807e-06j\n",
      "   -1.64181314e-04 +2.68226842e-06j  -7.50398858e-05 -1.76977439e-08j\n",
      "    3.20796362e-04 -2.37201937e-07j   2.44890611e-03 +1.02415009e-07j\n",
