kappa_2: 	 45.7767889485 
kappa_1: 	 45.7767889485 
T_EM: 	 5700 
bias: 	 200 
alpha_2: 	 2.0 
alpha_1: 	 2.0 
T_2: 	 300.0 
T_1: 	 300.0 
num_cpus: 	 1 
w_xx: 	 25000 
wc: 	 53.08 
J: 	 <function J_minimal at 0x7f69e0fabc08> 
w0_1: 	 667.02295221 
w0_2: 	 667.02295221 
V: 	 100 
w_1: 	 12600 
w_2: 	 12400 
dipole_2: 	 1.0 
dipole_1: 	 1.0 
exc: 	 5 
alpha_EM: 	 5 
N_1: 	 5 
N_2: 	 5 
mu: 	 0.984126984127 
gamma_1: 	 2 
gamma_2: 	 2 
